Camera.fx: 670.598859798134
Camera.fy: 671.530674182169
Camera.cx: 481.527318331448
Camera.cy: 272.191272193949

Camera.k1: 0.0124895471802617
Camera.k2: -0.0401120223191336
Camera.k3: -0.000683861165614488
Camera.r1: 0.00149720377396837
Camera.r2: 0.0429412541158549
