image width: 768
image height: 432
Camera.fx: 537.210440680085
Camera.fy: 538.06858705306
Camera.cx: 385.668101634721
Camera.cy: 217.56531220143

Camera.k1: 0.0167283856029527
Camera.k2: -0.0489134846557019
Camera.k3: -0.000837670491447228
Camera.r1: 0.00184608847842459
Camera.r2: 0.0438925745834179
